Classification report:
               precision    recall  f1-score   support

           A       1.00      1.00      1.00       600
           B       1.00      1.00      1.00       600
           C       1.00      1.00      1.00       600
           D       1.00      0.99      1.00       600
           E       0.99      1.00      1.00       600
           F       1.00      1.00      1.00       600
           G       1.00      1.00      1.00       600
           H       1.00      1.00      1.00       600
           I       1.00      1.00      1.00       600
           J       1.00      1.00      1.00       600
           K       0.99      0.99      0.99       600
           L       1.00      1.00      1.00       600
           M       0.99      0.99      0.99       600
           N       0.99      0.99      0.99       600
           O       0.99      1.00      1.00       600
           P       1.00      1.00      1.00       600
           Q       1.00      1.00      1.00       600
           R       0.98      1.00      0.99       600
           S       1.00      0.99      0.99       600
           T       1.00      1.00      1.00       600
           U       1.00      0.97      0.99       600
           V       0.99      0.99      0.99       600
           W       1.00      0.99      1.00       600
           X       1.00      1.00      1.00       600
           Y       1.00      1.00      1.00       600
           Z       1.00      1.00      1.00       600
         del       1.00      1.00      1.00       600
     nothing       1.00      0.99      1.00       600
       space       1.00      1.00      1.00       600

    accuracy                           1.00     17400
   macro avg       1.00      1.00      1.00     17400
weighted avg       1.00      1.00      1.00     17400


Confusion matrix:
 [[598   0   0   0   0   0   0   0   0   0   0   0   1   0   0   0   0   0
    0   1   0   0   0   0   0   0   0   0   0]
 [  0 600   0   0   0   0   0   0   0   0   0   0   0   0   0   0   0   0
    0   0   0   0   0   0   0   0   0   0   0]
 [  0   0 600   0   0   0   0   0   0   0   0   0   0   0   0   0   0   0
    0   0   0   0   0   0   0   0   0   0   0]
 [  0   0   0 595   0   0   0   0   0   0   0   0   0   0   5   0   0   0
    0   0   0   0   0   0   0   0   0   0   0]
 [  0   0   0   0 600   0   0   0   0   0   0   0   0   0   0   0   0   0
    0   0   0   0   0   0   0   0   0   0   0]
 [  0   0   0   0   0 600   0   0   0   0   0   0   0   0   0   0   0   0
    0   0   0   0   0   0   0   0   0   0   0]
 [  0   0   0   0   0   0 600   0   0   0   0   0   0   0   0   0   0   0
    0   0   0   0   0   0   0   0   0   0   0]
 [  0   0   0   0   0   0   0 600   0   0   0   0   0   0   0   0   0   0
    0   0   0   0   0   0   0   0   0   0   0]
 [  0   0   0   0   1   0   0   0 599   0   0   0   0   0   0   0   0   0
    0   0   0   0   0   0   0   0   0   0   0]
 [  0   0   0   0   0   0   0   0   0 600   0   0   0   0   0   0   0   0
    0   0   0   0   0   0   0   0   0   0   0]
 [  0   0   0   0   0   0   0   0   1   0 594   0   0   0   0   0   0   0
    0   0   0   4   1   0   0   0   0   0   0]
 [  0   0   0   0   0   0   0   0   0   0   0 599   0   0   0   0   0   0
    0   1   0   0   0   0   0   0   0   0   0]
 [  1   0   0   0   0   0   1   0   0   0   0   0 592   5   0   0   0   0
    0   0   0   0   0   0   0   0   0   1   0]
 [  0   0   0   0   1   0   0   0   0   1   0   0   3 595   0   0   0   0
    0   0   0   0   0   0   0   0   0   0   0]
 [  0   0   0   0   0   0   0   0   0   0   0   0   0   0 600   0   0   0
    0   0   0   0   0   0   0   0   0   0   0]
 [  0   0   0   0   0   0   0   0   0   0   0   0   0   0   0 600   0   0
    0   0   0   0   0   0   0   0   0   0   0]
 [  0   0   0   0   0   0   0   0   0   0   0   0   0   0   0   0 599   0
    0   0   0   0   0   0   0   0   1   0   0]
 [  0   0   0   0   0   0   0   0   0   0   0   0   0   0   0   0   0 600
    0   0   0   0   0   0   0   0   0   0   0]
 [  1   0   0   0   4   0   0   0   0   0   0   0   0   0   0   0   0   0
  593   0   0   0   0   2   0   0   0   0   0]
 [  0   0   0   0   0   0   0   0   0   0   0   0   0   0   0   0   0   0
    0 600   0   0   0   0   0   0   0   0   0]
 [  0   0   0   0   0   0   0   0   0   0   0   0   0   0   0   0   0  10
    0   0 584   5   0   1   0   0   0   0   0]
 [  0   0   0   0   0   0   0   0   0   0   7   0   0   0   0   0   0   0
    0   0   0 592   1   0   0   0   0   0   0]
 [  0   1   0   0   0   0   0   0   0   0   0   0   0   0   0   0   0   2
    0   0   0   0 597   0   0   0   0   0   0]
 [  0   0   0   0   0   0   0   0   0   0   0   0   1   0   0   0   0   0
    1   0   0   0   0 598   0   0   0   0   0]
 [  0   0   0   0   0   0   0   0   0   0   0   0   0   0   0   0   0   0
    0   0   0   0   0   0 600   0   0   0   0]
 [  0   0   0   0   0   0   0   0   0   0   0   0   0   0   0   0   0   0
    0   0   0   0   0   0   0 600   0   0   0]
 [  0   0   0   0   0   0   0   0   0   0   0   0   0   0   0   0   0   0
    0   0   0   0   0   0   0   0 600   0   0]
 [  0   0   0   0   0   0   0   1   0   1   1   0   0   0   0   0   0   0
    0   0   0   0   0   0   0   0   1 596   0]
 [  0   0   0   0   0   0   0   0   0   1   0   0   0   0   0   0   0   0
    0   0   0   0   0   0   0   0   0   0 599]]
